<?xml version="1.0"?>
<opencv_storage>
<cameraMatrix type_id="opencv-matrix">
  <rows>3</rows>
  <cols>3</cols>
  <dt>d</dt>
  <data>
    1.1403917096569919e+03 0. 8.8044048743937742e+02 0.
    1.1561584599798284e+03 6.3201543593099734e+02 0. 0. 1.</data></cameraMatrix>
<distCoeffs>
  -2.2615841362550079e-01 2.8169203999232638e-02 0. 0.</distCoeffs>
<R type_id="opencv-matrix">
  <rows>3</rows>
  <cols>3</cols>
  <dt>d</dt>
  <data>
    9.9976545154687047e-01 -2.1657375032125097e-02 0.
    2.1657375032125097e-02 9.9976545154687047e-01 0. 0. 0. 1.</data></R>
<newCameraMatrix type_id="opencv-matrix">
  <rows>3</rows>
  <cols>3</cols>
  <dt>d</dt>
  <data>
    7.9827419675989427e+02 0. 8.8044048743937742e+02 0.
    8.0931092198587987e+02 6.3201543593099734e+02 0. 0. 1.</data></newCameraMatrix>
<size>
  1920 1080</size>
</opencv_storage>
