<?xml version="1.0"?>
<opencv_storage>
<cameraMatrix type_id="opencv-matrix">
  <rows>3</rows>
  <cols>3</cols>
  <dt>d</dt>
  <data>
    2.0259326258454589e+03 0. 9.2738968698278006e+02 0.
    1.9876174358637422e+03 5.2789451398495748e+02 0. 0. 1.</data></cameraMatrix>
<distCoeffs>
  -2.8881367668358437e-01 -4.9090326111883693e-02 0. 0.</distCoeffs>
<R type_id="opencv-matrix">
  <rows>3</rows>
  <cols>3</cols>
  <dt>d</dt>
  <data>
    9.9729270668331393e-01 -7.3534054670400695e-02 0.
    7.3534054670400695e-02 9.9729270668331393e-01 0. 0. 0. 1.</data></R>
<newCameraMatrix type_id="opencv-matrix">
  <rows>3</rows>
  <cols>3</cols>
  <dt>d</dt>
  <data>
    1.4181528380918212e+03 0. 9.2738968698278006e+02 0.
    1.3913322051046196e+03 5.2789451398495748e+02 0. 0. 1.</data></newCameraMatrix>
<size>
  1920 1080</size>
</opencv_storage>
