<?xml version="1.0"?>
<opencv_storage>
<cameraMatrix type_id="opencv-matrix">
  <rows>3</rows>
  <cols>3</cols>
  <dt>d</dt>
  <data>
    1.3591324585165792e+03 0. 1.0125898568521246e+03 0.
    1.4318681385185810e+03 7.9451339497867173e+02 0. 0. 1.</data></cameraMatrix>
<distCoeffs>
  -2.7701295909423801e-01 5.6856120141092023e-02 0. 0.</distCoeffs>
<R type_id="opencv-matrix">
  <rows>3</rows>
  <cols>3</cols>
  <dt>d</dt>
  <data>
    9.9997004150169178e-01 7.7405490183106510e-03 0.
    -7.7405490183106510e-03 9.9997004150169178e-01 0. 0. 0. 1.</data></R>
<newCameraMatrix type_id="opencv-matrix">
  <rows>3</rows>
  <cols>3</cols>
  <dt>d</dt>
  <data>
    9.5139272096160539e+02 0. 1.0125898568521246e+03 0.
    1.0023076969630066e+03 7.9451339497867173e+02 0. 0. 1.</data></newCameraMatrix>
<size>
  1920 1080</size>
</opencv_storage>
