<?xml version="1.0"?>
<opencv_storage>
<cameraMatrix type_id="opencv-matrix">
  <rows>3</rows>
  <cols>3</cols>
  <dt>d</dt>
  <data>
    1.0798829065400653e+03 0. 8.5276129158381934e+02 0.
    1.0817821535702612e+03 5.8705524496309192e+02 0. 0. 1.</data></cameraMatrix>
<distCoeffs>
  -2.0203539475022828e-01 2.7137657810344874e-02 0. 0.</distCoeffs>
<R type_id="opencv-matrix">
  <rows>3</rows>
  <cols>3</cols>
  <dt>d</dt>
  <data>
    9.9974438458841064e-01 -2.2608969103876254e-02 0.
    2.2608969103876254e-02 9.9974438458841064e-01 0. 0. 0. 1.</data></R>
<newCameraMatrix type_id="opencv-matrix">
  <rows>3</rows>
  <cols>3</cols>
  <dt>d</dt>
  <data>
    7.5591803457804565e+02 0. 8.5276129158381934e+02 0.
    7.5724750749918280e+02 5.8705524496309192e+02 0. 0. 1.</data></newCameraMatrix>
<size>
  1920 1080</size>
</opencv_storage>
