<?xml version="1.0"?>
<opencv_storage>
<cameraMatrix type_id="opencv-matrix">
  <rows>3</rows>
  <cols>3</cols>
  <dt>d</dt>
  <data>
    1.1918789311198805e+03 0. 1.0464969557794641e+03 0.
    1.2238365987762299e+03 5.4969834938859299e+02 0. 0. 1.</data></cameraMatrix>
<distCoeffs>
  -2.9935336463030882e-01 6.8759726544199457e-02 0. 0.</distCoeffs>
<R type_id="opencv-matrix">
  <rows>3</rows>
  <cols>3</cols>
  <dt>d</dt>
  <data>
    9.9877861481176733e-01 4.9409296642304215e-02 0.
    -4.9409296642304215e-02 9.9877861481176733e-01 0. 0. 0. 1.</data></R>
<newCameraMatrix type_id="opencv-matrix">
  <rows>3</rows>
  <cols>3</cols>
  <dt>d</dt>
  <data>
    8.3431525178391632e+02 0. 1.0464969557794641e+03 0.
    8.5668561914336090e+02 5.4969834938859299e+02 0. 0. 1.</data></newCameraMatrix>
<size>
  1920 1080</size>
</opencv_storage>
