<?xml version="1.0"?>
<opencv_storage>
<cameraMatrix type_id="opencv-matrix">
  <rows>3</rows>
  <cols>3</cols>
  <dt>d</dt>
  <data>
    1.4302703971146509e+03 0. 9.7744113567450972e+02 0.
    1.4433450379227502e+03 5.4489318700209810e+02 0. 0. 1.</data></cameraMatrix>
<distCoeffs>
  -4.0458628585823453e-01 1.8431056370811819e-01 0. 0.</distCoeffs>
<R type_id="opencv-matrix">
  <rows>3</rows>
  <cols>3</cols>
  <dt>d</dt>
  <data>
    9.9701873144075981e-01 -7.7159893443797409e-02 0.
    7.7159893443797409e-02 9.9701873144075981e-01 0. 0. 0. 1.</data></R>
<newCameraMatrix type_id="opencv-matrix">
  <rows>3</rows>
  <cols>3</cols>
  <dt>d</dt>
  <data>
    1.0011892779802556e+03 0. 9.7744113567450972e+02 0.
    1.0103415265459250e+03 5.4489318700209810e+02 0. 0. 1.</data></newCameraMatrix>
<size>
  1920 1080</size>
</opencv_storage>
